              precision    recall  f1-score   support

    Person 1       1.00      1.00      1.00         2
   Person 10       1.00      1.00      1.00         2
  Person 100       1.00      1.00      1.00         1
  Person 101       1.00      1.00      1.00         2
  Person 102       1.00      1.00      1.00         1
  Person 103       1.00      1.00      1.00         2
  Person 104       1.00      1.00      1.00         1
  Person 105       1.00      1.00      1.00         2
  Person 106       1.00      1.00      1.00         2
  Person 107       1.00      1.00      1.00         1
  Person 108       1.00      1.00      1.00         2
  Person 109       0.00      0.00      0.00         1
   Person 11       1.00      1.00      1.00         1
  Person 110       1.00      1.00      1.00         2
  Person 111       0.50      1.00      0.67         2
  Person 112       1.00      1.00      1.00         1
  Person 113       1.00      1.00      1.00         1
  Person 114       1.00      1.00      1.00         2
  Person 115       1.00      1.00      1.00         1
  Person 116       1.00      1.00      1.00         1
  Person 117       0.67      1.00      0.80         2
  Person 118       1.00      1.00      1.00         2
  Person 119       1.00      1.00      1.00         1
   Person 12       1.00      1.00      1.00         2
  Person 120       1.00      1.00      1.00         1
  Person 121       1.00      1.00      1.00         2
  Person 122       1.00      1.00      1.00         1
  Person 123       1.00      1.00      1.00         1
  Person 124       1.00      1.00      1.00         2
  Person 125       1.00      1.00      1.00         1
  Person 126       1.00      1.00      1.00         1
  Person 127       1.00      1.00      1.00         1
  Person 128       0.00      0.00      0.00         1
  Person 129       1.00      1.00      1.00         2
   Person 13       1.00      1.00      1.00         2
  Person 130       1.00      1.00      1.00         2
  Person 131       1.00      1.00      1.00         1
  Person 132       1.00      1.00      1.00         2
  Person 133       1.00      1.00      1.00         2
  Person 134       1.00      1.00      1.00         2
  Person 135       1.00      1.00      1.00         2
  Person 136       1.00      1.00      1.00         1
  Person 137       1.00      1.00      1.00         1
  Person 138       1.00      1.00      1.00         2
  Person 139       1.00      1.00      1.00         2
   Person 14       1.00      1.00      1.00         1
  Person 140       1.00      1.00      1.00         2
  Person 141       0.67      1.00      0.80         2
  Person 142       1.00      1.00      1.00         2
  Person 143       1.00      1.00      1.00         2
  Person 144       1.00      1.00      1.00         2
  Person 145       1.00      1.00      1.00         1
  Person 146       1.00      1.00      1.00         2
  Person 147       1.00      1.00      1.00         2
  Person 148       1.00      1.00      1.00         2
  Person 149       0.50      1.00      0.67         1
   Person 15       0.50      1.00      0.67         1
  Person 150       1.00      1.00      1.00         2
  Person 151       1.00      1.00      1.00         2
  Person 152       1.00      1.00      1.00         2
  Person 153       0.50      1.00      0.67         1
  Person 154       1.00      1.00      1.00         2
  Person 155       0.00      0.00      0.00         2
  Person 156       0.00      0.00      0.00         2
  Person 157       0.33      0.50      0.40         2
  Person 158       0.00      0.00      0.00         1
  Person 159       1.00      1.00      1.00         1
  Person 160       1.00      1.00      1.00         1
  Person 161       1.00      1.00      1.00         2
  Person 162       1.00      1.00      1.00         1
  Person 163       0.50      0.50      0.50         2
  Person 164       1.00      1.00      1.00         2
  Person 165       1.00      1.00      1.00         2
  Person 166       1.00      1.00      1.00         2
  Person 167       1.00      1.00      1.00         2
   Person 17       1.00      1.00      1.00         1
   Person 18       1.00      1.00      1.00         1
   Person 19       1.00      1.00      1.00         2
    Person 2       1.00      1.00      1.00         1
   Person 20       1.00      1.00      1.00         2
   Person 21       1.00      1.00      1.00         2
   Person 22       1.00      1.00      1.00         1
   Person 23       0.00      0.00      0.00         1
   Person 24       1.00      1.00      1.00         2
   Person 25       1.00      1.00      1.00         1
   Person 26       1.00      1.00      1.00         1
   Person 27       1.00      1.00      1.00         2
   Person 28       1.00      1.00      1.00         2
   Person 29       1.00      0.50      0.67         2
    Person 3       1.00      1.00      1.00         2
   Person 30       0.00      0.00      0.00         1
   Person 31       1.00      1.00      1.00         2
   Person 32       1.00      1.00      1.00         2
   Person 33       1.00      1.00      1.00         2
   Person 34       1.00      1.00      1.00         1
   Person 35       1.00      1.00      1.00         2
   Person 36       1.00      1.00      1.00         1
   Person 37       1.00      1.00      1.00         1
   Person 38       1.00      1.00      1.00         1
   Person 39       1.00      1.00      1.00         2
    Person 4       1.00      1.00      1.00         1
   Person 40       0.00      0.00      0.00         1
   Person 41       1.00      1.00      1.00         1
   Person 42       1.00      0.50      0.67         2
   Person 43       1.00      1.00      1.00         2
   Person 44       1.00      1.00      1.00         1
   Person 45       1.00      1.00      1.00         1
   Person 46       1.00      1.00      1.00         2
   Person 47       1.00      1.00      1.00         2
   Person 48       1.00      1.00      1.00         1
   Person 49       1.00      1.00      1.00         2
    Person 5       1.00      1.00      1.00         2
   Person 50       1.00      1.00      1.00         2
   Person 51       1.00      1.00      1.00         2
   Person 53       1.00      1.00      1.00         2
   Person 54       1.00      1.00      1.00         1
   Person 55       0.00      0.00      0.00         1
   Person 56       1.00      1.00      1.00         2
   Person 57       1.00      1.00      1.00         2
   Person 58       1.00      1.00      1.00         2
   Person 59       1.00      1.00      1.00         2
   Person 60       1.00      1.00      1.00         2
   Person 61       1.00      1.00      1.00         2
   Person 62       1.00      1.00      1.00         2
   Person 63       1.00      1.00      1.00         1
   Person 64       1.00      1.00      1.00         2
   Person 65       1.00      1.00      1.00         2
   Person 66       1.00      1.00      1.00         1
   Person 67       1.00      1.00      1.00         1
   Person 68       1.00      1.00      1.00         1
   Person 69       1.00      0.50      0.67         2
    Person 7       1.00      1.00      1.00         2
   Person 70       1.00      1.00      1.00         1
   Person 71       1.00      1.00      1.00         1
   Person 72       1.00      1.00      1.00         2
   Person 73       1.00      1.00      1.00         2
   Person 74       1.00      1.00      1.00         2
   Person 75       1.00      1.00      1.00         1
   Person 76       0.50      1.00      0.67         1
   Person 77       1.00      1.00      1.00         2
   Person 78       1.00      1.00      1.00         1
   Person 79       1.00      1.00      1.00         1
    Person 8       1.00      1.00      1.00         2
   Person 80       1.00      1.00      1.00         1
   Person 81       1.00      1.00      1.00         1
   Person 82       1.00      1.00      1.00         1
   Person 83       0.67      1.00      0.80         2
   Person 84       1.00      1.00      1.00         2
   Person 85       0.67      1.00      0.80         2
   Person 87       1.00      1.00      1.00         1
   Person 88       1.00      1.00      1.00         2
   Person 89       1.00      1.00      1.00         2
    Person 9       1.00      1.00      1.00         2
   Person 90       1.00      1.00      1.00         1
   Person 91       1.00      1.00      1.00         2
   Person 92       1.00      0.50      0.67         2
   Person 93       0.50      1.00      0.67         2
   Person 94       1.00      1.00      1.00         2
   Person 95       1.00      1.00      1.00         2
   Person 96       1.00      1.00      1.00         2
   Person 97       1.00      1.00      1.00         2
   Person 98       1.00      0.50      0.67         2
   Person 99       0.00      0.00      0.00         2

    accuracy                           0.92       261
   macro avg       0.90      0.92      0.90       261
weighted avg       0.92      0.92      0.91       261
